168
0
0
0
0
0
0
0
0
0
0
0
0
1
1
1
1
1
1
1
1
1
1
1
1
2
2
2
2
2
2
2
2
2
2
2
2
0
0
0
0
0
0
0
0
0
0
0
0
1
1
1
1
1
1
1
1
1
1
1
1
2
2
2
2
2
2
2
2
2
2
2
2
0
0
0
0
0
0
0
0
0
0
0
0
1
1
1
1
1
1
1
1
1
1
1
1
2
2
2
2
2
2
2
2
2
2
2
2
0
0
0
0
0
1
1
1
1
1
2
2
2
2
2
0
0
0
0
1
1
1
1
2
2
2
2
0
0
0
1
1
1
2
2
2
0
0
0
0
1
1
1
1
2
2
2
2
0
0
1
1
2
2
0
0
1
1
2
2
168
1080
4
0
1
16
1
25
27
98
0
1
16
13
0
2
13
29
0
16
12
13
1
14
26
48
5
1
2
17
4
28
30
101
1
2
17
14
3
5
16
32
1
17
13
14
4
17
29
51
6
2
3
18
7
31
33
104
2
3
18
15
6
8
19
35
2
18
14
15
7
20
32
54
7
3
0
19
10
24
34
107
3
0
19
12
9
11
22
26
3
19
15
12
10
23
35
57
8
1
0
20
13
36
40
110
1
0
20
13
1
12
14
41
0
20
13
12
2
13
38
60
9
2
1
21
16
39
43
113
2
1
21
14
4
15
17
44
1
21
14
13
5
16
41
63
10
3
2
22
19
42
46
116
3
2
22
15
7
18
20
47
2
22
15
14
8
19
44
66
11
0
3
23
22
37
45
119
0
3
23
12
10
21
23
38
3
23
12
15
11
22
47
69
0
4
7
19
9
25
122
436
0
4
16
19
0
24
26
437
0
12
16
19
2
10
25
72
1
5
4
16
0
28
125
445
1
5
17
16
3
27
29
446
1
13
17
16
1
5
28
75
2
6
5
17
3
31
128
454
2
6
18
17
6
30
32
455
2
14
18
17
4
8
31
78
3
7
6
18
6
34
131
463
3
7
19
18
9
33
35
464
3
15
19
18
7
11
34
81
0
11
8
20
12
37
134
481
0
11
23
20
21
36
38
482
0
12
23
20
14
22
37
84
1
8
9
21
15
40
137
490
1
8
20
21
12
39
41
491
1
13
20
21
13
17
40
87
2
9
10
22
18
43
140
499
2
9
21
22
15
42
44
500
2
14
21
22
16
20
43
90
3
10
11
23
21
46
143
472
3
10
22
23
18
45
47
473
3
15
22
23
19
23
46
93
16
12
13
28
2
49
73
75
12
13
28
25
48
50
61
77
12
28
24
25
49
62
74
96
17
13
14
29
5
52
76
78
13
14
29
26
51
53
64
80
13
29
25
26
52
65
77
99
18
14
15
30
8
55
79
81
14
15
30
27
54
56
67
83
14
30
26
27
55
68
80
102
19
15
12
31
11
58
72
82
15
12
31
24
57
59
70
74
15
31
27
24
58
71
83
105
20
13
12
32
14
61
84
88
13
12
32
25
49
60
62
89
12
32
25
24
50
61
86
108
21
14
13
33
17
64
87
91
14
13
33
26
52
63
65
92
13
33
26
25
53
64
89
111
22
15
14
34
20
67
90
94
15
14
34
27
55
66
68
95
14
34
27
26
56
67
92
114
23
12
15
35
23
70
85
93
12
15
35
24
58
69
71
86
15
35
24
27
59
70
95
117
12
16
19
31
26
57
73
508
12
16
28
31
48
72
74
509
12
24
28
31
50
58
73
120
13
17
16
28
29
48
76
517
13
17
29
28
51
75
77
518
13
25
29
28
49
53
76
123
14
18
17
29
32
51
79
526
14
18
30
29
54
78
80
527
14
26
30
29
52
56
79
126
15
19
18
30
35
54
82
535
15
19
31
30
57
81
83
536
15
27
31
30
55
59
82
129
12
23
20
32
38
60
85
553
12
23
35
32
69
84
86
554
12
24
35
32
62
70
85
132
13
20
21
33
41
63
88
562
13
20
32
33
60
87
89
563
13
25
32
33
61
65
88
135
14
21
22
34
44
66
91
571
14
21
33
34
63
90
92
572
14
26
33
34
64
68
91
138
15
22
23
35
47
69
94
544
15
22
34
35
66
93
95
545
15
27
34
35
67
71
94
141
28
24
25
4
50
97
121
123
24
25
4
1
96
98
109
125
24
4
0
1
0
97
110
122
29
25
26
5
53
100
124
126
25
26
5
2
99
101
112
128
25
5
1
2
3
100
113
125
30
26
27
6
56
103
127
129
26
27
6
3
102
104
115
131
26
6
2
3
6
103
116
128
31
27
24
7
59
106
120
130
27
24
7
0
105
107
118
122
27
7
3
0
9
106
119
131
32
25
24
8
62
109
132
136
25
24
8
1
97
108
110
137
24
8
1
0
12
98
109
134
33
26
25
9
65
112
135
139
26
25
9
2
100
111
113
140
25
9
2
1
15
101
112
137
34
27
26
10
68
115
138
142
27
26
10
3
103
114
116
143
26
10
3
2
18
104
115
140
35
24
27
11
71
118
133
141
24
27
11
0
106
117
119
134
27
11
0
3
21
107
118
143
24
28
31
7
74
105
121
580
24
28
4
7
96
120
122
581
24
0
4
7
24
98
106
121
25
29
28
4
77
96
124
589
25
29
5
4
99
123
125
590
25
1
5
4
27
97
101
124
26
30
29
5
80
99
127
598
26
30
6
5
102
126
128
599
26
2
6
5
30
100
104
127
27
31
30
6
83
102
130
607
27
31
7
6
105
129
131
608
27
3
7
6
33
103
107
130
24
35
32
8
86
108
133
625
24
35
11
8
117
132
134
626
24
0
11
8
36
110
118
133
25
32
33
9
89
111
136
634
25
32
8
9
108
135
137
635
25
1
8
9
39
109
113
136
26
33
34
10
92
114
139
643
26
33
9
10
111
138
140
644
26
2
9
10
42
112
116
139
27
34
35
11
95
117
142
616
27
34
10
11
114
141
143
617
27
3
10
11
45
115
119
142
40
36
37
52
145
169
171
242
36
37
52
49
144
146
157
173
36
52
48
49
145
158
170
192
41
37
38
53
148
172
174
245
37
38
53
50
147
149
160
176
37
53
49
50
148
161
173
195
42
38
39
54
151
175
177
248
38
39
54
51
150
152
163
179
38
54
50
51
151
164
176
198
43
39
36
55
154
168
178
251
39
36
55
48
153
155
166
170
39
55
51
48
154
167
179
201
44
37
36
56
157
180
184
254
37
36
56
49
145
156
158
185
36
56
49
48
146
157
182
204
45
38
37
57
160
183
187
257
38
37
57
50
148
159
161
188
37
57
50
49
149
160
185
207
46
39
38
58
163
186
190
260
39
38
58
51
151
162
164
191
38
58
51
50
152
163
188
210
47
36
39
59
166
181
189
263
36
39
59
48
154
165
167
182
39
59
48
51
155
166
191
213
36
40
43
55
153
169
266
652
36
40
52
55
144
168
170
653
36
48
52
55
146
154
169
216
37
41
40
52
144
172
269
661
37
41
53
52
147
171
173
662
37
49
53
52
145
149
172
219
38
42
41
53
147
175
272
670
38
42
54
53
150
174
176
671
38
50
54
53
148
152
175
222
39
43
42
54
150
178
275
679
39
43
55
54
153
177
179
680
39
51
55
54
151
155
178
225
36
47
44
56
156
181
278
697
36
47
59
56
165
180
182
698
36
48
59
56
158
166
181
228
37
44
45
57
159
184
281
706
37
44
56
57
156
183
185
707
37
49
56
57
157
161
184
231
38
45
46
58
162
187
284
715
38
45
57
58
159
186
188
716
38
50
57
58
160
164
187
234
39
46
47
59
165
190
287
688
39
46
58
59
162
189
191
689
39
51
58
59
163
167
190
237
52
48
49
64
146
193
217
219
48
49
64
61
192
194
205
221
48
64
60
61
193
206
218
240
53
49
50
65
149
196
220
222
49
50
65
62
195
197
208
224
49
65
61
62
196
209
221
243
54
50
51
66
152
199
223
225
50
51
66
63
198
200
211
227
50
66
62
63
199
212
224
246
55
51
48
67
155
202
216
226
51
48
67
60
201
203
214
218
51
67
63
60
202
215
227
249
56
49
48
68
158
205
228
232
49
48
68
61
193
204
206
233
48
68
61
60
194
205
230
252
57
50
49
69
161
208
231
235
50
49
69
62
196
207
209
236
49
69
62
61
197
208
233
255
58
51
50
70
164
211
234
238
51
50
70
63
199
210
212
239
50
70
63
62
200
211
236
258
59
48
51
71
167
214
229
237
48
51
71
60
202
213
215
230
51
71
60
63
203
214
239
261
48
52
55
67
170
201
217
724
48
52
64
67
192
216
218
725
48
60
64
67
194
202
217
264
49
53
52
64
173
192
220
733
49
53
65
64
195
219
221
734
49
61
65
64
193
197
220
267
50
54
53
65
176
195
223
742
50
54
66
65
198
222
224
743
50
62
66
65
196
200
223
270
51
55
54
66
179
198
226
751
51
55
67
66
201
225
227
752
51
63
67
66
199
203
226
273
48
59
56
68
182
204
229
769
48
59
71
68
213
228
230
770
48
60
71
68
206
214
229
276
49
56
57
69
185
207
232
778
49
56
68
69
204
231
233
779
49
61
68
69
205
209
232
279
50
57
58
70
188
210
235
787
50
57
69
70
207
234
236
788
50
62
69
70
208
212
235
282
51
58
59
71
191
213
238
760
51
58
70
71
210
237
239
761
51
63
70
71
211
215
238
285
64
60
61
40
194
241
265
267
60
61
40
37
240
242
253
269
60
40
36
37
144
241
254
266
65
61
62
41
197
244
268
270
61
62
41
38
243
245
256
272
61
41
37
38
147
244
257
269
66
62
63
42
200
247
271
273
62
63
42
39
246
248
259
275
62
42
38
39
150
247
260
272
67
63
60
43
203
250
264
274
63
60
43
36
249
251
262
266
63
43
39
36
153
250
263
275
68
61
60
44
206
253
276
280
61
60
44
37
241
252
254
281
60
44
37
36
156
242
253
278
69
62
61
45
209
256
279
283
62
61
45
38
244
255
257
284
61
45
38
37
159
245
256
281
70
63
62
46
212
259
282
286
63
62
46
39
247
258
260
287
62
46
39
38
162
248
259
284
71
60
63
47
215
262
277
285
60
63
47
36
250
261
263
278
63
47
36
39
165
251
262
287
60
64
67
43
218
249
265
796
60
64
40
43
240
264
266
797
60
36
40
43
168
242
250
265
61
65
64
40
221
240
268
805
61
65
41
40
243
267
269
806
61
37
41
40
171
241
245
268
62
66
65
41
224
243
271
814
62
66
42
41
246
270
272
815
62
38
42
41
174
244
248
271
63
67
66
42
227
246
274
823
63
67
43
42
249
273
275
824
63
39
43
42
177
247
251
274
60
71
68
44
230
252
277
841
60
71
47
44
261
276
278
842
60
36
47
44
180
254
262
277
61
68
69
45
233
255
280
850
61
68
44
45
252
279
281
851
61
37
44
45
183
253
257
280
62
69
70
46
236
258
283
859
62
69
45
46
255
282
284
860
62
38
45
46
186
256
260
283
63
70
71
47
239
261
286
832
63
70
46
47
258
285
287
833
63
39
46
47
189
259
263
286
76
72
73
88
289
313
315
386
72
73
88
85
288
290
301
317
72
88
84
85
289
302
314
336
77
73
74
89
292
316
318
389
73
74
89
86
291
293
304
320
73
89
85
86
292
305
317
339
78
74
75
90
295
319
321
392
74
75
90
87
294
296
307
323
74
90
86
87
295
308
320
342
79
75
72
91
298
312
322
395
75
72
91
84
297
299
310
314
75
91
87
84
298
311
323
345
80
73
72
92
301
324
328
398
73
72
92
85
289
300
302
329
72
92
85
84
290
301
326
348
81
74
73
93
304
327
331
401
74
73
93
86
292
303
305
332
73
93
86
85
293
304
329
351
82
75
74
94
307
330
334
404
75
74
94
87
295
306
308
335
74
94
87
86
296
307
332
354
83
72
75
95
310
325
333
407
72
75
95
84
298
309
311
326
75
95
84
87
299
310
335
357
72
76
79
91
297
313
410
868
72
76
88
91
288
312
314
869
72
84
88
91
290
298
313
360
73
77
76
88
288
316
413
877
73
77
89
88
291
315
317
878
73
85
89
88
289
293
316
363
74
78
77
89
291
319
416
886
74
78
90
89
294
318
320
887
74
86
90
89
292
296
319
366
75
79
78
90
294
322
419
895
75
79
91
90
297
321
323
896
75
87
91
90
295
299
322
369
72
83
80
92
300
325
422
913
72
83
95
92
309
324
326
914
72
84
95
92
302
310
325
372
73
80
81
93
303
328
425
922
73
80
92
93
300
327
329
923
73
85
92
93
301
305
328
375
74
81
82
94
306
331
428
931
74
81
93
94
303
330
332
932
74
86
93
94
304
308
331
378
75
82
83
95
309
334
431
904
75
82
94
95
306
333
335
905
75
87
94
95
307
311
334
381
88
84
85
100
290
337
361
363
84
85
100
97
336
338
349
365
84
100
96
97
337
350
362
384
89
85
86
101
293
340
364
366
85
86
101
98
339
341
352
368
85
101
97
98
340
353
365
387
90
86
87
102
296
343
367
369
86
87
102
99
342
344
355
371
86
102
98
99
343
356
368
390
91
87
84
103
299
346
360
370
87
84
103
96
345
347
358
362
87
103
99
96
346
359
371
393
92
85
84
104
302
349
372
376
85
84
104
97
337
348
350
377
84
104
97
96
338
349
374
396
93
86
85
105
305
352
375
379
86
85
105
98
340
351
353
380
85
105
98
97
341
352
377
399
94
87
86
106
308
355
378
382
87
86
106
99
343
354
356
383
86
106
99
98
344
355
380
402
95
84
87
107
311
358
373
381
84
87
107
96
346
357
359
374
87
107
96
99
347
358
383
405
84
88
91
103
314
345
361
940
84
88
100
103
336
360
362
941
84
96
100
103
338
346
361
408
85
89
88
100
317
336
364
949
85
89
101
100
339
363
365
950
85
97
101
100
337
341
364
411
86
90
89
101
320
339
367
958
86
90
102
101
342
366
368
959
86
98
102
101
340
344
367
414
87
91
90
102
323
342
370
967
87
91
103
102
345
369
371
968
87
99
103
102
343
347
370
417
84
95
92
104
326
348
373
985
84
95
107
104
357
372
374
986
84
96
107
104
350
358
373
420
85
92
93
105
329
351
376
994
85
92
104
105
348
375
377
995
85
97
104
105
349
353
376
423
86
93
94
106
332
354
379
1003
86
93
105
106
351
378
380
1004
86
98
105
106
352
356
379
426
87
94
95
107
335
357
382
976
87
94
106
107
354
381
383
977
87
99
106
107
355
359
382
429
100
96
97
76
338
385
409
411
96
97
76
73
384
386
397
413
96
76
72
73
288
385
398
410
101
97
98
77
341
388
412
414
97
98
77
74
387
389
400
416
97
77
73
74
291
388
401
413
102
98
99
78
344
391
415
417
98
99
78
75
390
392
403
419
98
78
74
75
294
391
404
416
103
99
96
79
347
394
408
418
99
96
79
72
393
395
406
410
99
79
75
72
297
394
407
419
104
97
96
80
350
397
420
424
97
96
80
73
385
396
398
425
96
80
73
72
300
386
397
422
105
98
97
81
353
400
423
427
98
97
81
74
388
399
401
428
97
81
74
73
303
389
400
425
106
99
98
82
356
403
426
430
99
98
82
75
391
402
404
431
98
82
75
74
306
392
403
428
107
96
99
83
359
406
421
429
96
99
83
72
394
405
407
422
99
83
72
75
309
395
406
431
96
100
103
79
362
393
409
1012
96
100
76
79
384
408
410
1013
96
72
76
79
312
386
394
409
97
101
100
76
365
384
412
1021
97
101
77
76
387
411
413
1022
97
73
77
76
315
385
389
412
98
102
101
77
368
387
415
1030
98
102
78
77
390
414
416
1031
98
74
78
77
318
388
392
415
99
103
102
78
371
390
418
1039
99
103
79
78
393
417
419
1040
99
75
79
78
321
391
395
418
96
107
104
80
374
396
421
1057
96
107
83
80
405
420
422
1058
96
72
83
80
324
398
406
421
97
104
105
81
377
399
424
1066
97
104
80
81
396
423
425
1067
97
73
80
81
327
397
401
424
98
105
106
82
380
402
427
1075
98
105
81
82
399
426
428
1076
98
74
81
82
330
400
404
427
99
106
107
83
383
405
430
1048
99
106
82
83
402
429
431
1049
99
75
82
83
333
403
407
430
144
111
7
148
433
435
477
578
111
7
148
116
432
434
466
479
7
148
116
19
433
436
467
504
144
7
4
148
432
436
438
581
7
4
148
19
24
434
435
437
4
148
19
16
25
436
439
507
144
4
108
148
435
439
483
584
4
108
148
16
437
438
440
442
108
148
16
113
439
443
484
510
146
108
4
150
442
444
486
587
108
4
150
16
439
441
443
445
108
150
113
16
440
442
487
513
146
4
5
150
441
445
447
590
4
5
150
16
27
442
444
446
5
150
16
17
28
445
449
516
146
5
109
150
444
448
593
648
5
109
150
114
447
449
451
649
5
150
17
114
446
448
452
519
147
109
5
151
451
453
596
681
109
5
151
114
448
450
452
682
5
151
114
17
449
451
454
522
147
5
6
151
450
454
456
599
5
6
151
17
30
452
453
455
6
151
17
18
31
454
457
525
147
6
110
151
453
457
495
602
6
110
151
18
455
456
458
460
110
151
18
115
457
461
496
528
145
110
6
149
460
462
468
605
110
6
149
18
457
459
461
463
110
149
115
18
458
460
469
531
145
6
7
149
459
463
465
608
6
7
149
18
33
460
462
464
7
149
18
19
34
463
467
534
145
7
111
149
462
466
474
611
7
111
149
116
433
465
467
476
7
149
19
116
434
464
466
537
145
10
110
149
459
469
471
614
10
110
149
115
461
468
470
496
10
149
22
115
469
473
497
540
145
11
10
149
468
472
474
617
11
10
149
23
45
471
473
475
10
149
23
22
46
470
472
543
145
111
11
149
465
471
475
620
111
11
149
23
472
474
476
478
111
149
116
23
466
475
479
546
144
11
111
148
432
478
480
623
11
111
148
23
475
477
479
482
111
148
23
116
433
476
478
549
144
8
11
148
477
481
483
626
8
11
148
20
36
480
482
485
11
148
20
23
37
478
481
552
144
108
8
148
438
480
484
629
108
8
148
113
440
483
485
487
8
148
113
20
481
484
488
555
146
8
108
150
441
487
489
632
8
108
150
113
443
484
486
488
8
150
20
113
485
487
491
558
146
9
8
150
486
490
492
635
9
8
150
21
39
489
491
493
8
150
21
20
40
488
490
561
146
112
9
150
489
493
638
693
112
9
150
21
490
492
494
502
112
150
117
21
493
503
564
695
147
110
10
151
456
496
498
641
110
10
151
115
458
469
495
497
10
151
115
22
470
496
499
567
147
10
9
151
495
499
501
644
10
9
151
22
42
497
498
500
9
151
22
21
43
499
502
570
147
9
112
151
498
502
647
690
9
112
151
21
493
500
501
503
112
151
21
117
494
502
573
692
148
116
19
152
434
505
507
549
116
19
152
121
504
506
538
551
19
152
121
31
505
508
539
576
148
19
16
152
437
504
508
510
19
16
152
31
72
506
507
509
16
152
31
28
73
508
511
579
148
16
113
152
440
507
511
555
16
113
152
28
509
510
512
514
113
152
28
118
511
515
556
582
150
113
16
154
443
514
516
558
113
16
154
28
511
513
515
517
113
154
118
28
512
514
559
585
150
16
17
154
446
513
517
519
16
17
154
28
75
514
516
518
17
154
28
29
76
517
521
588
150
17
114
154
449
516
520
720
17
114
154
119
519
521
523
721
17
154
29
119
518
520
524
591
151
114
17
155
452
523
525
753
114
17
155
119
520
522
524
754
17
155
119
29
521
523
526
594
151
17
18
155
455
522
526
528
17
18
155
29
78
524
525
527
18
155
29
30
79
526
529
597
151
18
115
155
458
525
529
567
18
115
155
30
527
528
530
532
115
155
30
120
529
533
568
600
149
115
18
153
461
532
534
540
115
18
153
30
529
531
533
535
115
153
120
30
530
532
541
603
149
18
19
153
464
531
535
537
18
19
153
30
81
532
534
536
19
153
30
31
82
535
539
606
149
19
116
153
467
534
538
546
19
116
153
121
505
537
539
548
19
153
31
121
506
536
538
609
149
22
115
153
470
531
541
543
22
115
153
120
533
540
542
568
22
153
34
120
541
545
569
612
149
23
22
153
473
540
544
546
23
22
153
35
93
543
545
547
22
153
35
34
94
542
544
615
149
116
23
153
476
537
543
547
116
23
153
35
544
546
548
550
116
153
121
35
538
547
551
618
148
23
116
152
479
504
550
552
23
116
152
35
547
549
551
554
116
152
35
121
505
548
550
621
148
20
23
152
482
549
553
555
20
23
152
32
84
552
554
557
23
152
32
35
85
550
553
624
148
113
20
152
485
510
552
556
113
20
152
118
512
555
557
559
20
152
118
32
553
556
560
627
150
20
113
154
488
513
559
561
20
113
154
118
515
556
558
560
20
154
32
118
557
559
563
630
150
21
20
154
491
558
562
564
21
20
154
33
87
561
563
565
20
154
33
32
88
560
562
633
150
117
21
154
494
561
565
765
117
21
154
33
562
564
566
574
117
154
122
33
565
575
636
767
151
115
22
155
497
528
568
570
115
22
155
120
530
541
567
569
22
155
120
34
542
568
571
639
151
22
21
155
500
567
571
573
22
21
155
34
90
569
570
572
21
155
34
33
91
571
574
642
151
21
117
155
503
570
574
762
21
117
155
33
565
572
573
575
117
155
33
122
566
574
645
764
152
121
31
144
506
577
579
621
121
31
144
111
576
578
610
623
31
144
111
7
432
577
580
611
152
31
28
144
509
576
580
582
31
28
144
7
120
578
579
581
28
144
7
4
121
435
580
583
152
28
118
144
512
579
583
627
28
118
144
4
581
582
584
586
118
144
4
108
438
583
587
628
154
118
28
146
515
586
588
630
118
28
146
4
583
585
587
589
118
146
108
4
441
584
586
631
154
28
29
146
518
585
589
591
28
29
146
4
123
586
588
590
29
146
4
5
124
444
589
593
154
29
119
146
521
588
592
792
29
119
146
109
591
593
595
793
29
146
5
109
447
590
592
596
155
119
29
147
524
595
597
825
119
29
147
109
592
594
596
826
29
147
109
5
450
593
595
598
155
29
30
147
527
594
598
600
29
30
147
5
126
596
597
599
30
147
5
6
127
453
598
601
155
30
120
147
530
597
601
639
30
120
147
6
599
600
602
604
120
147
6
110
456
601
605
640
153
120
30
145
533
604
606
612
120
30
145
6
601
603
605
607
120
145
110
6
459
602
604
613
153
30
31
145
536
603
607
609
30
31
145
6
129
604
606
608
31
145
6
7
130
462
607
611
153
31
121
145
539
606
610
618
31
121
145
111
577
609
611
620
31
145
7
111
465
578
608
610
153
34
120
145
542
603
613
615
34
120
145
110
605
612
614
640
34
145
10
110
468
613
617
641
153
35
34
145
545
612
616
618
35
34
145
11
141
615
617
619
34
145
11
10
142
471
614
616
153
121
35
145
548
609
615
619
121
35
145
11
616
618
620
622
121
145
111
11
474
610
619
623
152
35
121
144
551
576
622
624
35
121
144
11
619
621
623
626
121
144
11
111
477
577
620
622
152
32
35
144
554
621
625
627
32
35
144
8
132
624
626
629
35
144
8
11
133
480
622
625
152
118
32
144
557
582
624
628
118
32
144
108
584
627
629
631
32
144
108
8
483
625
628
632
154
32
118
146
560
585
631
633
32
118
146
108
587
628
630
632
32
146
8
108
486
629
631
635
154
33
32
146
563
630
634
636
33
32
146
9
135
633
635
637
32
146
9
8
136
489
632
634
154
122
33
146
566
633
637
837
122
33
146
9
634
636
638
646
122
146
112
9
492
637
647
839
155
120
34
147
569
600
640
642
120
34
147
110
602
613
639
641
34
147
110
10
495
614
640
643
155
34
33
147
572
639
643
645
34
33
147
10
138
641
642
644
33
147
10
9
139
498
643
646
155
33
122
147
575
642
646
834
33
122
147
9
637
644
645
647
122
147
9
112
501
638
646
836
146
109
43
150
447
649
651
794
109
43
150
114
448
648
650
682
43
150
114
55
649
652
683
720
146
43
40
150
648
652
654
797
43
40
150
55
168
650
651
653
40
150
55
52
169
652
655
723
146
40
123
150
651
655
699
800
40
123
150
52
653
654
656
658
123
150
52
127
655
659
700
726
156
123
40
158
658
660
702
803
123
40
158
52
655
657
659
661
123
158
127
52
656
658
703
729
156
40
41
158
657
661
663
806
40
41
158
52
171
658
660
662
41
158
52
53
172
661
665
732
156
41
124
158
660
664
809
864
41
124
158
128
663
665
667
865
41
158
53
128
662
664
668
735
157
124
41
159
667
669
812
897
124
41
159
128
664
666
668
898
41
159
128
53
665
667
670
738
157
41
42
159
666
670
672
815
41
42
159
53
174
668
669
671
42
159
53
54
175
670
673
741
157
42
125
159
669
673
711
818
42
125
159
54
671
672
674
676
125
159
54
129
673
677
712
744
147
125
42
151
676
678
684
821
125
42
151
54
673
675
677
679
125
151
129
54
674
676
685
747
147
42
43
151
675
679
681
824
42
43
151
54
177
676
678
680
43
151
54
55
178
679
683
750
147
43
109
151
450
678
682
827
43
109
151
114
451
649
681
683
43
151
55
114
650
680
682
753
147
46
125
151
675
685
687
830
46
125
151
129
677
684
686
712
46
151
58
129
685
689
713
756
147
47
46
151
684
688
690
833
47
46
151
59
189
687
689
691
46
151
59
58
190
686
688
759
147
112
47
151
501
687
691
836
112
47
151
59
688
690
692
694
112
151
117
59
503
691
695
762
146
47
112
150
492
694
696
839
47
112
150
59
691
693
695
698
112
150
59
117
494
692
694
765
146
44
47
150
693
697
699
842
44
47
150
56
180
696
698
701
47
150
56
59
181
694
697
768
146
123
44
150
654
696
700
845
123
44
150
127
656
699
701
703
44
150
127
56
697
700
704
771
156
44
123
158
657
703
705
848
44
123
158
127
659
700
702
704
44
158
56
127
701
703
707
774
156
45
44
158
702
706
708
851
45
44
158
57
183
705
707
709
44
158
57
56
184
704
706
777
156
126
45
158
705
709
854
909
126
45
158
57
706
708
710
718
126
158
130
57
709
719
780
911
157
125
46
159
672
712
714
857
125
46
159
129
674
685
711
713
46
159
129
58
686
712
715
783
157
46
45
159
711
715
717
860
46
45
159
58
186
713
714
716
45
159
58
57
187
715
718
786
157
45
126
159
714
718
863
906
45
126
159
57
709
716
717
719
126
159
57
130
710
718
789
908
150
114
55
154
519
650
721
723
114
55
154
119
520
720
722
754
55
154
119
67
721
724
755
792
150
55
52
154
653
720
724
726
55
52
154
67
216
722
723
725
52
154
67
64
217
724
727
795
150
52
127
154
656
723
727
771
52
127
154
64
725
726
728
730
127
154
64
131
727
731
772
798
158
127
52
160
659
730
732
774
127
52
160
64
727
729
731
733
127
160
131
64
728
730
775
801
158
52
53
160
662
729
733
735
52
53
160
64
219
730
732
734
53
160
64
65
220
733
737
804
158
53
128
160
665
732
736
936
53
128
160
132
735
737
739
937
53
160
65
132
734
736
740
807
159
128
53
161
668
739
741
969
128
53
161
132
736
738
740
970
53
161
132
65
737
739
742
810
159
53
54
161
671
738
742
744
53
54
161
65
222
740
741
743
54
161
65
66
223
742
745
813
159
54
129
161
674
741
745
783
54
129
161
66
743
744
746
748
129
161
66
133
745
749
784
816
151
129
54
155
677
748
750
756
129
54
155
66
745
747
749
751
129
155
133
66
746
748
757
819
151
54
55
155
680
747
751
753
54
55
155
66
225
748
750
752
55
155
66
67
226
751
755
822
151
55
114
155
522
683
750
754
55
114
155
119
523
721
753
755
55
155
67
119
722
752
754
825
151
58
129
155
686
747
757
759
58
129
155
133
749
756
758
784
58
155
70
133
757
761
785
828
151
59
58
155
689
756
760
762
59
58
155
71
237
759
761
763
58
155
71
70
238
758
760
831
151
117
59
155
573
692
759
763
117
59
155
71
760
762
764
766
117
155
122
71
575
763
767
834
150
59
117
154
564
695
766
768
59
117
154
71
763
765
767
770
117
154
71
122
566
764
766
837
150
56
59
154
698
765
769
771
56
59
154
68
228
768
770
773
59
154
68
71
229
766
769
840
150
127
56
154
701
726
768
772
127
56
154
131
728
771
773
775
56
154
131
68
769
772
776
843
158
56
127
160
704
729
775
777
56
127
160
131
731
772
774
776
56
160
68
131
773
775
779
846
158
57
56
160
707
774
778
780
57
56
160
69
231
777
779
781
56
160
69
68
232
776
778
849
158
130
57
160
710
777
781
981
130
57
160
69
778
780
782
790
130
160
134
69
781
791
852
983
159
129
58
161
713
744
784
786
129
58
161
133
746
757
783
785
58
161
133
70
758
784
787
855
159
58
57
161
716
783
787
789
58
57
161
70
234
785
786
788
57
161
70
69
235
787
790
858
159
57
130
161
719
786
790
978
57
130
161
69
781
788
789
791
130
161
69
134
782
790
861
980
154
119
67
146
591
722
793
795
119
67
146
109
592
792
794
826
67
146
109
43
648
793
796
827
154
67
64
146
725
792
796
798
67
64
146
43
264
794
795
797
64
146
43
40
265
651
796
799
154
64
131
146
728
795
799
843
64
131
146
40
797
798
800
802
131
146
40
123
654
799
803
844
160
131
64
156
731
802
804
846
131
64
156
40
799
801
803
805
131
156
123
40
657
800
802
847
160
64
65
156
734
801
805
807
64
65
156
40
267
802
804
806
65
156
40
41
268
660
805
809
160
65
132
156
737
804
808
1008
65
132
156
124
807
809
811
1009
65
156
41
124
663
806
808
812
161
132
65
157
740
811
813
1041
132
65
157
124
808
810
812
1042
65
157
124
41
666
809
811
814
161
65
66
157
743
810
814
816
65
66
157
41
270
812
813
815
66
157
41
42
271
669
814
817
161
66
133
157
746
813
817
855
66
133
157
42
815
816
818
820
133
157
42
125
672
817
821
856
155
133
66
147
749
820
822
828
133
66
147
42
817
819
821
823
133
147
125
42
675
818
820
829
155
66
67
147
752
819
823
825
66
67
147
42
273
820
822
824
67
147
42
43
274
678
823
827
155
67
119
147
594
755
822
826
67
119
147
109
595
793
825
827
67
147
43
109
681
794
824
826
155
70
133
147
758
819
829
831
70
133
147
125
821
828
830
856
70
147
46
125
684
829
833
857
155
71
70
147
761
828
832
834
71
70
147
47
285
831
833
835
70
147
47
46
286
687
830
832
155
122
71
147
645
764
831
835
122
71
147
47
832
834
836
838
122
147
112
47
647
690
835
839
154
71
122
146
636
767
838
840
71
122
146
47
835
837
839
842
122
146
47
112
638
693
836
838
154
68
71
146
770
837
841
843
68
71
146
44
276
840
842
845
71
146
44
47
277
696
838
841
154
131
68
146
773
798
840
844
131
68
146
123
800
843
845
847
68
146
123
44
699
841
844
848
160
68
131
156
776
801
847
849
68
131
156
123
803
844
846
848
68
156
44
123
702
845
847
851
160
69
68
156
779
846
850
852
69
68
156
45
279
849
851
853
68
156
45
44
280
705
848
850
160
134
69
156
782
849
853
1053
134
69
156
45
850
852
854
862
134
156
126
45
708
853
863
1055
161
133
70
157
785
816
856
858
133
70
157
125
818
829
855
857
70
157
125
46
711
830
856
859
161
70
69
157
788
855
859
861
70
69
157
46
282
857
858
860
69
157
46
45
283
714
859
862
161
69
134
157
791
858
862
1050
69
134
157
45
853
860
861
863
134
157
45
126
717
854
862
1052
156
124
79
158
663
865
867
1010
124
79
158
128
664
864
866
898
79
158
128
91
865
868
899
936
156
79
76
158
864
868
870
1013
79
76
158
91
312
866
867
869
76
158
91
88
313
868
871
939
156
76
135
158
867
871
915
1016
76
135
158
88
869
870
872
874
135
158
88
138
871
875
916
942
162
135
76
164
874
876
918
1019
135
76
164
88
871
873
875
877
135
164
138
88
872
874
919
945
162
76
77
164
873
877
879
1022
76
77
164
88
315
874
876
878
77
164
88
89
316
877
881
948
162
77
136
164
876
880
924
1025
77
136
164
139
879
881
883
926
77
164
89
139
878
880
884
951
163
136
77
165
883
885
933
1028
136
77
165
139
880
882
884
935
77
165
139
89
881
883
886
954
163
77
78
165
882
886
888
1031
77
78
165
89
318
884
885
887
78
165
89
90
319
886
889
957
163
78
137
165
885
889
927
1034
78
137
165
90
887
888
890
892
137
165
90
140
889
893
928
960
157
137
78
159
892
894
900
1037
137
78
159
90
889
891
893
895
137
159
140
90
890
892
901
963
157
78
79
159
891
895
897
1040
78
79
159
90
321
892
894
896
79
159
90
91
322
895
899
966
157
79
124
159
666
894
898
1043
79
124
159
128
667
865
897
899
79
159
91
128
866
896
898
969
157
82
137
159
891
901
903
1046
82
137
159
140
893
900
902
928
82
159
94
140
901
905
929
972
157
83
82
159
900
904
906
1049
83
82
159
95
333
903
905
907
82
159
95
94
334
902
904
975
157
126
83
159
717
903
907
1052
126
83
159
95
904
906
908
910
126
159
130
95
719
907
911
978
156
83
126
158
708
910
912
1055
83
126
158
95
907
909
911
914
126
158
95
130
710
908
910
981
156
80
83
158
909
913
915
1058
80
83
158
92
324
912
914
917
83
158
92
95
325
910
913
984
156
135
80
158
870
912
916
1061
135
80
158
138
872
915
917
919
80
158
138
92
913
916
920
987
162
80
135
164
873
919
921
1064
80
135
164
138
875
916
918
920
80
164
92
138
917
919
923
990
162
81
80
164
918
922
924
1067
81
80
164
93
327
921
923
925
80
164
93
92
328
920
922
993
162
136
81
164
879
921
925
1070
136
81
164
93
922
924
926
934
136
164
139
93
880
925
935
996
163
137
82
165
888
928
930
1073
137
82
165
140
890
901
927
929
82
165
140
94
902
928
931
999
163
82
81
165
927
931
933
1076
82
81
165
94
330
929
930
932
81
165
94
93
331
931
934
1002
163
81
136
165
882
930
934
1079
81
136
165
93
925
932
933
935
136
165
93
139
883
926
934
1005
158
128
91
160
735
866
937
939
128
91
160
132
736
936
938
970
91
160
132
103
937
940
971
1008
158
91
88
160
869
936
940
942
91
88
160
103
360
938
939
941
88
160
103
100
361
940
943
1011
158
88
138
160
872
939
943
987
88
138
160
100
941
942
944
946
138
160
100
141
943
947
988
1014
164
138
88
166
875
946
948
990
138
88
166
100
943
945
947
949
138
166
141
100
944
946
991
1017
164
88
89
166
878
945
949
951
88
89
166
100
363
946
948
950
89
166
100
101
364
949
953
1020
164
89
139
166
881
948
952
996
89
139
166
142
951
953
955
998
89
166
101
142
950
952
956
1023
165
139
89
167
884
955
957
1005
139
89
167
142
952
954
956
1007
89
167
142
101
953
955
958
1026
165
89
90
167
887
954
958
960
89
90
167
101
366
956
957
959
90
167
101
102
367
958
961
1029
165
90
140
167
890
957
961
999
90
140
167
102
959
960
962
964
140
167
102
143
961
965
1000
1032
159
140
90
161
893
964
966
972
140
90
161
102
961
963
965
967
140
161
143
102
962
964
973
1035
159
90
91
161
896
963
967
969
90
91
161
102
369
964
966
968
91
161
102
103
370
967
971
1038
159
91
128
161
738
899
966
970
91
128
161
132
739
937
969
971
91
161
103
132
938
968
970
1041
159
94
140
161
902
963
973
975
94
140
161
143
965
972
974
1000
94
161
106
143
973
977
1001
1044
159
95
94
161
905
972
976
978
95
94
161
107
381
975
977
979
94
161
107
106
382
974
976
1047
159
130
95
161
789
908
975
979
130
95
161
107
976
978
980
982
130
161
134
107
791
979
983
1050
158
95
130
160
780
911
982
984
95
130
160
107
979
981
983
986
130
160
107
134
782
980
982
1053
158
92
95
160
914
981
985
987
92
95
160
104
372
984
986
989
95
160
104
107
373
982
985
1056
158
138
92
160
917
942
984
988
138
92
160
141
944
987
989
991
92
160
141
104
985
988
992
1059
164
92
138
166
920
945
991
993
92
138
166
141
947
988
990
992
92
166
104
141
989
991
995
1062
164
93
92
166
923
990
994
996
93
92
166
105
375
993
995
997
92
166
105
104
376
992
994
1065
164
139
93
166
926
951
993
997
139
93
166
105
994
996
998
1006
139
166
142
105
952
997
1007
1068
165
140
94
167
929
960
1000
1002
140
94
167
143
962
973
999
1001
94
167
143
106
974
1000
1003
1071
165
94
93
167
932
999
1003
1005
94
93
167
106
378
1001
1002
1004
93
167
106
105
379
1003
1006
1074
165
93
139
167
935
954
1002
1006
93
139
167
105
997
1004
1005
1007
139
167
105
142
955
998
1006
1077
160
132
103
156
807
938
1009
1011
132
103
156
124
808
1008
1010
1042
103
156
124
79
864
1009
1012
1043
160
103
100
156
941
1008
1012
1014
103
100
156
79
408
1010
1011
1013
100
156
79
76
409
867
1012
1015
160
100
141
156
944
1011
1015
1059
100
141
156
76
1013
1014
1016
1018
141
156
76
135
870
1015
1019
1060
166
141
100
162
947
1018
1020
1062
141
100
162
76
1015
1017
1019
1021
141
162
135
76
873
1016
1018
1063
166
100
101
162
950
1017
1021
1023
100
101
162
76
411
1018
1020
1022
101
162
76
77
412
876
1021
1025
166
101
142
162
953
1020
1024
1068
101
142
162
136
1023
1025
1027
1070
101
162
77
136
879
1022
1024
1028
167
142
101
163
956
1027
1029
1077
142
101
163
136
1024
1026
1028
1079
101
163
136
77
882
1025
1027
1030
167
101
102
163
959
1026
1030
1032
101
102
163
77
414
1028
1029
1031
102
163
77
78
415
885
1030
1033
167
102
143
163
962
1029
1033
1071
102
143
163
78
1031
1032
1034
1036
143
163
78
137
888
1033
1037
1072
161
143
102
157
965
1036
1038
1044
143
102
157
78
1033
1035
1037
1039
143
157
137
78
891
1034
1036
1045
161
102
103
157
968
1035
1039
1041
102
103
157
78
417
1036
1038
1040
103
157
78
79
418
894
1039
1043
161
103
132
157
810
971
1038
1042
103
132
157
124
811
1009
1041
1043
103
157
79
124
897
1010
1040
1042
161
106
143
157
974
1035
1045
1047
106
143
157
137
1037
1044
1046
1072
106
157
82
137
900
1045
1049
1073
161
107
106
157
977
1044
1048
1050
107
106
157
83
429
1047
1049
1051
106
157
83
82
430
903
1046
1048
161
134
107
157
861
980
1047
1051
134
107
157
83
1048
1050
1052
1054
134
157
126
83
863
906
1051
1055
160
107
134
156
852
983
1054
1056
107
134
156
83
1051
1053
1055
1058
134
156
83
126
854
909
1052
1054
160
104
107
156
986
1053
1057
1059
104
107
156
80
420
1056
1058
1061
107
156
80
83
421
912
1054
1057
160
141
104
156
989
1014
1056
1060
141
104
156
135
1016
1059
1061
1063
104
156
135
80
915
1057
1060
1064
166
104
141
162
992
1017
1063
1065
104
141
162
135
1019
1060
1062
1064
104
162
80
135
918
1061
1063
1067
166
105
104
162
995
1062
1066
1068
105
104
162
81
423
1065
1067
1069
104
162
81
80
424
921
1064
1066
166
142
105
162
998
1023
1065
1069
142
105
162
81
1066
1068
1070
1078
142
162
136
81
924
1024
1069
1079
167
143
106
163
1001
1032
1072
1074
143
106
163
137
1034
1045
1071
1073
106
163
137
82
927
1046
1072
1075
167
106
105
163
1004
1071
1075
1077
106
105
163
82
426
1073
1074
1076
105
163
82
81
427
930
1075
1078
167
105
142
163
1007
1026
1074
1078
105
142
163
81
1069
1076
1077
1079
142
163
81
136
933
1027
1070
1078
1080
